# column 1 = wavelength in angstroms
# column 2 = flux in relative units
#
1000 3.001114e-15
1010 1.733734e-14
1020 5.927067e-14
1030 1.552336e-13
1040 3.445598e-13
1050 6.819062e-13
1060 1.239207e-12
1070 2.106909e-12
1080 3.394239e-12
1090 5.228316e-12
1100 7.751874e-12
1110 1.111952e-11
1120 1.549247e-11
1130 2.103178e-11
1140 2.789022e-11
1150 3.620294e-11
1160 4.607746e-11
1170 5.758299e-11
1180 7.074019e-11
1190 8.551139e-11
1200 1.017922e-10
1210 1.194048e-10
1220 1.380946e-10
1230 1.575287e-10
1240 1.773004e-10
1250 1.969343e-10
1260 2.159453e-10
1270 2.34017e-10
1280 2.509256e-10
1290 2.665077e-10
1300 2.80662e-10
1310 2.933497e-10
1320 3.04591e-10
1330 3.144617e-10
1340 3.230864e-10
1350 3.306332e-10
1360 3.373061e-10
1370 3.433395e-10
1380 3.48986e-10
1390 3.543857e-10
1400 3.595526e-10
1410 3.644948e-10
1420 3.692217e-10
1430 3.737438e-10
1440 3.780735e-10
1450 3.822261e-10
1460 3.862192e-10
1470 3.900741e-10
1480 3.938152e-10
1490 3.974702e-10
1500 4.010704e-10
1510 4.046459e-10
1520 4.082139e-10
1530 4.117873e-10
1540 4.153782e-10
1550 4.189983e-10
1560 4.226586e-10
1570 4.263699e-10
1580 4.301423e-10
1590 4.339853e-10
1600 4.379086e-10
1610 4.419209e-10
1620 4.460312e-10
1630 4.502483e-10
1640 4.545805e-10
1650 4.590365e-10
1660 4.636245e-10
1670 4.683532e-10
1680 4.732309e-10
1690 4.782665e-10
1700 4.83469e-10
1710 4.888473e-10
1720 4.944109e-10
1730 5.001699e-10
1740 5.061343e-10
1750 5.123149e-10
1760 5.187203e-10
1770 5.253503e-10
1780 5.322015e-10
1790 5.392703e-10
1800 5.465533e-10
1810 5.540462e-10
1820 5.617445e-10
1830 5.696433e-10
1840 5.777374e-10
1850 5.86021e-10
1860 5.94488e-10
1870 6.031317e-10
1880 6.119452e-10
1890 6.209207e-10
1900 6.300501e-10
1910 6.393246e-10
1920 6.48735e-10
1930 6.582711e-10
1940 6.679225e-10
1950 6.776782e-10
1960 6.875258e-10
1970 6.974529e-10
1980 7.07446e-10
1990 7.174909e-10
2000 7.275728e-10
2010 7.376781e-10
2020 7.478038e-10
2030 7.579489e-10
2040 7.681125e-10
2050 7.782937e-10
2060 7.88491e-10
2070 7.987034e-10
2080 8.089295e-10
2090 8.191679e-10
2100 8.294175e-10
2110 8.396765e-10
2120 8.499435e-10
2130 8.602169e-10
2140 8.704951e-10
2150 8.807764e-10
2160 8.910592e-10
2170 9.013418e-10
2180 9.116226e-10
2190 9.218999e-10
2200 9.32172e-10
2210 9.424374e-10
2220 9.526942e-10
2230 9.62941e-10
2240 9.731763e-10
2250 9.833983e-10
2260 9.936048e-10
2270 1.00379e-09
2280 1.013946e-09
2290 1.024066e-09
2300 1.034142e-09
2310 1.044167e-09
2320 1.054133e-09
2330 1.064033e-09
2340 1.073858e-09
2350 1.0836e-09
2360 1.093252e-09
2370 1.102806e-09
2380 1.112253e-09
2390 1.121584e-09
2400 1.130792e-09
2410 1.139869e-09
2420 1.148804e-09
2430 1.157591e-09
2440 1.16622e-09
2450 1.174682e-09
2460 1.182969e-09
2470 1.191071e-09
2480 1.198979e-09
2490 1.206683e-09
2500 1.214175e-09
2510 1.138272e-09
2520 1.128569e-09
2530 9.67003e-10
2540 7.855769e-10
2550 8.917436e-10
2560 1.093954e-09
2570 1.003305e-09
2580 9.275282e-10
2590 9.428195e-10
2600 9.449828e-10
2610 1.079954e-09
2620 9.907574e-10
2630 9.148787e-10
2640 9.9862e-10
2650 1.312268e-09
2660 1.26586e-09
2670 1.251725e-09
2680 1.434793e-09
2690 1.443967e-09
2700 1.530256e-09
2710 1.656284e-09
2720 1.730892e-09
2730 1.809641e-09
2740 1.92134e-09
2750 1.916749e-09
2760 1.862437e-09
2770 1.903192e-09
2780 2.232877e-09
2790 2.444973e-09
2800 2.490376e-09
2810 2.902972e-09
2820 3.35797e-09
2830 3.634693e-09
2840 3.850759e-09
2850 3.811247e-09
2860 4.019403e-09
2870 4.157514e-09
2880 4.567207e-09
2890 4.591234e-09
2900 4.927825e-09
2910 5.207572e-09
2920 5.22433e-09
2930 5.287809e-09
2940 5.323553e-09
2950 5.259317e-09
2960 5.140574e-09
2970 5.524192e-09
2980 5.741317e-09
2990 5.653788e-09
3000 5.676908e-09
3010 5.681845e-09
3020 6.031888e-09
3030 6.497737e-09
3040 6.686967e-09
3050 6.248579e-09
3060 6.072931e-09
3070 6.540308e-09
3080 6.740107e-09
3090 6.047588e-09
3100 5.8114e-09
3110 5.725805e-09
3120 5.742747e-09
3130 6.385379e-09
3140 6.330999e-09
3150 5.533071e-09
3160 6.310764e-09
3170 6.75853e-09
3180 6.253308e-09
3190 5.916437e-09
3200 6.182036e-09
3210 5.346159e-09
3220 5.452217e-09
3230 4.786364e-09
3240 4.767906e-09
3250 4.492149e-09
3260 4.498604e-09
3270 4.535225e-09
3280 4.556719e-09
3290 4.722141e-09
3300 4.897366e-09
3310 5.055228e-09
3320 5.500466e-09
3330 5.902853e-09
3340 6.111043e-09
3350 6.290417e-09
3360 6.486025e-09
3370 6.471332e-09
3380 6.376502e-09
3390 6.232571e-09
3400 6.442201e-09
3410 6.646303e-09
3420 7.069198e-09
3430 7.416032e-09
3440 7.857042e-09
3450 8.063708e-09
3460 8.420938e-09
3470 8.80442e-09
3480 8.79794e-09
3490 8.878146e-09
3500 9.116462e-09
3510 9.336424e-09
3520 9.323399e-09
3530 9.214419e-09
3540 9.112033e-09
3550 8.98461e-09
3560 8.878269e-09
3570 8.567569e-09
3580 8.291043e-09
3590 7.975045e-09
3600 7.457644e-09
3610 6.833516e-09
3620 6.475615e-09
3630 6.079631e-09
3640 5.670929e-09
3650 5.255513e-09
3660 4.715678e-09
3670 4.362993e-09
3680 4.001371e-09
3690 3.686955e-09
3700 3.472416e-09
3710 3.467311e-09
3720 3.539198e-09
3730 3.673042e-09
3740 3.929236e-09
3750 4.227975e-09
3760 4.390121e-09
3770 4.530306e-09
3780 4.654975e-09
3790 4.703811e-09
3800 4.821188e-09
3810 5.069642e-09
3820 5.433123e-09
3830 5.81886e-09
3840 6.274904e-09
3850 6.761895e-09
3860 7.185005e-09
3870 7.599348e-09
3880 8.012424e-09
3890 8.251803e-09
3900 8.566854e-09
3910 8.719049e-09
3920 8.921069e-09
3930 8.944322e-09
3940 8.670671e-09
3950 8.569999e-09
3960 8.235704e-09
3970 7.768208e-09
3980 7.297821e-09
3990 7.105545e-09
4000 6.971465e-09
4010 7.016503e-09
4020 7.229104e-09
4030 7.487212e-09
4040 7.737945e-09
4050 8.035577e-09
4060 8.2275e-09
4070 8.467229e-09
4080 8.501831e-09
4090 8.413281e-09
4100 8.343359e-09
4110 8.196777e-09
4120 8.008377e-09
4130 7.751627e-09
4140 7.570163e-09
4150 7.428077e-09
4160 7.251049e-09
4170 7.104469e-09
4180 6.965864e-09
4190 6.76224e-09
4200 6.522424e-09
4210 6.261273e-09
4220 6.036709e-09
4230 5.838677e-09
4240 5.585846e-09
4250 5.409267e-09
4260 5.220317e-09
4270 5.008649e-09
4280 4.73362e-09
4290 4.551735e-09
4300 4.443034e-09
4310 4.460227e-09
4320 4.506337e-09
4330 4.669879e-09
4340 4.859228e-09
4350 5.054398e-09
4360 5.19388e-09
4370 5.285933e-09
4380 5.290055e-09
4390 5.214527e-09
4400 5.077384e-09
4410 5.013112e-09
4420 4.976111e-09
4430 5.016794e-09
4440 5.151303e-09
4450 5.33234e-09
4460 5.504373e-09
4470 5.643952e-09
4480 5.757736e-09
4490 5.759491e-09
4500 5.819099e-09
4510 5.839696e-09
4520 5.798428e-09
4530 5.734349e-09
4540 5.619453e-09
4550 5.504137e-09
4560 5.470252e-09
4570 5.373977e-09
4580 5.32427e-09
4590 5.306834e-09
4600 5.265979e-09
4610 5.209094e-09
4620 5.053373e-09
4630 4.86762e-09
4640 4.701265e-09
4650 4.515944e-09
4660 4.377869e-09
4670 4.222257e-09
4680 4.176899e-09
4690 4.210668e-09
4700 4.202161e-09
4710 4.135533e-09
4720 4.07382e-09
4730 4.009906e-09
4740 3.915181e-09
4750 3.839337e-09
4760 3.834814e-09
4770 3.883957e-09
4780 3.897913e-09
4790 3.89221e-09
4800 3.81537e-09
4810 3.686332e-09
4820 3.525204e-09
4830 3.335373e-09
4840 3.145832e-09
4850 3.003296e-09
4860 2.897035e-09
4870 2.879204e-09
4880 2.917443e-09
4890 2.966458e-09
4900 3.013049e-09
4910 3.079612e-09
4920 3.157989e-09
4930 3.220066e-09
4940 3.254719e-09
4950 3.296791e-09
4960 3.319784e-09
4970 3.332443e-09
4980 3.339915e-09
4990 3.34997e-09
5000 3.397823e-09
5010 3.427401e-09
5020 3.472824e-09
5030 3.50991e-09
5040 3.565745e-09
5050 3.640217e-09
5060 3.73236e-09
5070 3.822643e-09
5080 3.895376e-09
5090 3.950087e-09
5100 3.994769e-09
5110 3.992208e-09
5120 3.953508e-09
5130 3.908263e-09
5140 3.856706e-09
5150 3.833473e-09
5160 3.841653e-09
5170 3.8427e-09
5180 3.846403e-09
5190 3.857814e-09
5200 3.822559e-09
5210 3.728832e-09
5220 3.588901e-09
5230 3.416601e-09
5240 3.23099e-09
5250 3.04357e-09
5260 2.916536e-09
5270 2.808607e-09
5280 2.739678e-09
5290 2.70542e-09
5300 2.709865e-09
5310 2.728119e-09
5320 2.756271e-09
5330 2.80059e-09
5340 2.827493e-09
5350 2.841376e-09
5360 2.864632e-09
5370 2.85905e-09
5380 2.827983e-09
5390 2.779114e-09
5400 2.725674e-09
5410 2.648285e-09
5420 2.546189e-09
5430 2.468114e-09
5440 2.379502e-09
5450 2.337644e-09
5460 2.336986e-09
5470 2.371687e-09
5480 2.44382e-09
5490 2.544571e-09
5500 2.631454e-09
5510 2.714631e-09
5520 2.794572e-09
5530 2.842742e-09
5540 2.859997e-09
5550 2.872009e-09
5560 2.872817e-09
5570 2.871898e-09
5580 2.883099e-09
5590 2.898939e-09
5600 2.914652e-09
5610 2.926571e-09
5620 2.928311e-09
5630 2.911194e-09
5640 2.911697e-09
5650 2.886945e-09
5660 2.868123e-09
5670 2.850262e-09
5680 2.833223e-09
5690 2.786217e-09
5700 2.725897e-09
5710 2.658927e-09
5720 2.57072e-09
5730 2.49652e-09
5740 2.432317e-09
5750 2.377392e-09
5760 2.326695e-09
5770 2.311024e-09
5780 2.305558e-09
5790 2.303105e-09
5800 2.335592e-09
5810 2.364762e-09
5820 2.40117e-09
5830 2.42506e-09
5840 2.45392e-09
5850 2.468478e-09
5860 2.49212e-09
5870 2.52234e-09
5880 2.519765e-09
5890 2.491316e-09
5900 2.357743e-09
5910 2.40361e-09
5920 2.458146e-09
5930 2.460697e-09
5940 2.427955e-09
5950 2.386213e-09
5960 2.366336e-09
5970 2.318212e-09
5980 2.263253e-09
5990 2.217212e-09
6000 2.137905e-09
6010 2.057749e-09
6020 1.974528e-09
6030 1.898036e-09
6040 1.807592e-09
6050 1.707956e-09
6060 1.603545e-09
6070 1.490271e-09
6080 1.40016e-09
6090 1.30409e-09
6100 1.232069e-09
6110 1.168353e-09
6120 1.130887e-09
6130 1.12792e-09
6140 1.135334e-09
6150 1.178817e-09
6160 1.247124e-09
6170 1.329657e-09
6180 1.432979e-09
6190 1.545388e-09
6200 1.6629e-09
6210 1.773451e-09
6220 1.870573e-09
6230 1.960427e-09
6240 2.04053e-09
6250 2.127285e-09
6260 2.194659e-09
6270 2.253609e-09
6280 2.239419e-09
6290 2.298088e-09
6300 2.322568e-09
6310 2.354997e-09
6320 2.368702e-09
6330 2.388971e-09
6340 2.402043e-09
6350 2.416809e-09
6360 2.409506e-09
6370 2.421728e-09
6380 2.410691e-09
6390 2.40741e-09
6400 2.393607e-09
6410 2.369428e-09
6420 2.354134e-09
6430 2.326033e-09
6440 2.305491e-09
6450 2.281391e-09
6460 2.264438e-09
6470 2.239183e-09
6480 2.214148e-09
6490 2.206486e-09
6500 2.1958e-09
6510 2.19032e-09
6520 2.180547e-09
6530 2.158079e-09
6540 2.126668e-09
6550 2.117917e-09
6560 2.104794e-09
6570 2.077543e-09
6580 2.063487e-09
6590 2.044557e-09
6600 2.016371e-09
6610 1.983694e-09
6620 1.965875e-09
6630 1.946193e-09
6640 1.927097e-09
6650 1.916858e-09
6660 1.90598e-09
6670 1.887275e-09
6680 1.862706e-09
6690 1.839072e-09
6700 1.808557e-09
6710 1.778798e-09
6720 1.753929e-09
6730 1.733882e-09
6740 1.710526e-09
6750 1.69072e-09
6760 1.670749e-09
6770 1.65107e-09
6780 1.635634e-09
6790 1.629252e-09
6800 1.626087e-09
6810 1.624373e-09
6820 1.622545e-09
6830 1.612473e-09
6840 1.593507e-09
6850 1.549596e-09
6860 1.540733e-09
6870 1.511617e-09
6880 1.500309e-09
6890 1.487842e-09
6900 1.508596e-09
6910 1.486374e-09
6920 1.493209e-09
6930 1.480493e-09
6940 1.467729e-09
6950 1.463332e-09
6960 1.464087e-09
6970 1.449781e-09
6980 1.442039e-09
6990 1.439325e-09
7000 1.422261e-09
7010 1.402956e-09
7020 1.398675e-09
7030 1.398568e-09
7040 1.399467e-09
7050 1.403192e-09
7060 1.410129e-09
7070 1.413613e-09
7080 1.4085e-09
7090 1.404721e-09
7100 1.403643e-09
7110 1.404286e-09
7120 1.404606e-09
7130 1.405271e-09
7140 1.404675e-09
7150 1.379079e-09
7160 1.359851e-09
7170 1.325088e-09
7180 1.30908e-09
7190 1.297335e-09
7200 1.296048e-09
7210 1.276992e-09
7220 1.268325e-09
7230 1.258277e-09
7240 1.237932e-09
7250 1.222682e-09
7260 1.198748e-09
7270 1.192169e-09
7280 1.176013e-09
7290 1.154668e-09
7300 1.133947e-09
7310 1.136061e-09
7320 1.118726e-09
7330 1.090327e-09
7340 1.076451e-09
7350 1.064361e-09
7360 1.055451e-09
7370 1.051587e-09
7380 1.051417e-09
7390 1.044854e-09
7400 1.039824e-09
7410 1.018795e-09
7420 9.873727e-10
7430 9.553913e-10
7440 9.194848e-10
7450 8.856091e-10
7460 8.615289e-10
7470 8.490587e-10
7480 8.432146e-10
7490 8.486647e-10
7500 8.53686e-10
7510 8.579706e-10
7520 8.571711e-10
7530 8.547706e-10
7540 8.410454e-10
7550 8.281399e-10
7560 8.18011e-10
7570 8.194097e-10
7580 8.192326e-10
7590 8.286649e-10
7600 8.404823e-10
7610 8.537821e-10
7620 8.632281e-10
7630 8.796935e-10
7640 8.910925e-10
7650 8.990054e-10
7660 9.026936e-10
7670 9.029074e-10
7680 8.896872e-10
7690 8.797511e-10
7700 8.721113e-10
7710 8.646639e-10
7720 8.546741e-10
7730 8.550293e-10
7740 8.519028e-10
7750 8.4845e-10
7760 8.415267e-10
7770 8.384173e-10
7780 8.238967e-10
7790 8.085977e-10
7800 7.859915e-10
7810 7.648617e-10
7820 7.41051e-10
7830 7.208113e-10
7840 7.011213e-10
7850 6.832776e-10
7860 6.657956e-10
7870 6.485521e-10
7880 6.319228e-10
7890 6.159885e-10
7900 6.02493e-10
7910 5.915057e-10
7920 5.857256e-10
7930 5.850325e-10
7940 5.830106e-10
7950 5.796045e-10
7960 5.764939e-10
7970 5.737909e-10
7980 5.673908e-10
7990 5.650515e-10
8000 5.683355e-10
8010 5.746099e-10
8020 5.819785e-10
8030 5.949081e-10
8040 6.112762e-10
8050 6.226209e-10
8060 6.310176e-10
8070 6.33628e-10
8080 6.358134e-10
8090 6.320277e-10
8100 6.344718e-10
8110 6.385731e-10
8120 6.364031e-10
8130 6.281123e-10
8140 6.237978e-10
8150 6.142163e-10
8160 5.982897e-10
8170 6.008114e-10
8180 5.987433e-10
8190 6.080484e-10
8200 6.07066e-10
8210 5.907987e-10
8220 6.039896e-10
8230 6.135859e-10
8240 6.022221e-10
8250 6.148511e-10
8260 6.344444e-10
8270 6.139395e-10
8280 6.076348e-10
8290 6.079696e-10
8300 5.893757e-10
8310 5.973974e-10
8320 5.945872e-10
8330 5.980892e-10
8340 5.98711e-10
8350 6.070763e-10
8360 6.047371e-10
8370 6.141145e-10
8380 6.13975e-10
8390 6.221906e-10
8400 6.29745e-10
8410 6.369334e-10
8420 6.426065e-10
8430 6.510182e-10
8440 6.586926e-10
8450 6.637925e-10
8460 6.660741e-10
8470 6.637307e-10
8480 6.624056e-10
8490 6.54693e-10
8500 6.523823e-10
8510 6.558422e-10
8520 6.614559e-10
8530 6.628918e-10
8540 6.716612e-10
8550 6.686059e-10
8560 6.591945e-10
8570 6.586611e-10
8580 6.581081e-10
8590 6.509332e-10
8600 6.48575e-10
8610 6.488052e-10
8620 6.533011e-10
8630 6.476488e-10
8640 6.608554e-10
8650 6.613541e-10
8660 6.554738e-10
8670 6.426289e-10
8680 6.529926e-10
8690 6.400798e-10
8700 6.444643e-10
8710 6.442127e-10
8720 6.279239e-10
8730 6.419182e-10
8740 6.385027e-10
8750 6.300667e-10
8760 6.275427e-10
8770 6.256026e-10
8780 6.237488e-10
8790 6.169043e-10
8800 5.974642e-10
8810 5.950326e-10
8820 5.788618e-10
8830 5.55533e-10
8840 5.418598e-10
8850 5.331696e-10
8860 5.185135e-10
8870 5.109308e-10
8880 4.837353e-10
8890 4.910468e-10
8900 4.826765e-10
8910 4.885715e-10
8920 4.796736e-10
8930 4.818037e-10
8940 4.907396e-10
8950 4.801105e-10
8960 4.825448e-10
8970 4.61829e-10
8980 4.870591e-10
8990 4.453657e-10
9000 4.589292e-10
9010 4.538061e-10
9020 4.435975e-10
9030 4.550736e-10
9040 4.657926e-10
9050 4.555584e-10
9060 4.570347e-10
9070 4.469863e-10
9080 4.513869e-10
9090 4.537322e-10
9100 4.506154e-10
9110 4.654282e-10
9120 4.601987e-10
9130 4.544249e-10
9140 4.704145e-10
9150 4.633359e-10
9160 4.566437e-10
9170 4.733181e-10
9180 4.675461e-10
9190 4.963186e-10
9200 4.784464e-10
9210 4.930422e-10
9220 4.911419e-10
9230 4.874309e-10
9240 4.77512e-10
9250 4.772286e-10
9260 4.8991e-10
9270 4.800101e-10
9280 4.669136e-10
9290 4.641123e-10
9300 4.428391e-10
9310 4.037617e-10
9320 3.595054e-10
9330 3.564236e-10
9340 3.118166e-10
9350 3.347732e-10
9360 3.185281e-10
9370 3.428489e-10
9380 3.247214e-10
9390 3.853404e-10
9400 4.013547e-10
9410 3.913962e-10
9420 3.657993e-10
9430 3.29726e-10
9440 3.228446e-10
9450 3.38463e-10
9460 3.252958e-10
9470 3.359416e-10
9480 3.461625e-10
9490 3.481968e-10
9500 2.975903e-10
9510 3.498084e-10
9520 3.090853e-10
9530 3.180363e-10
9540 3.336593e-10
9550 3.225259e-10
9560 3.244904e-10
9570 3.021755e-10
9580 3.358789e-10
9590 3.042307e-10
9600 3.194985e-10
9610 3.150883e-10
9620 3.234038e-10
9630 3.175591e-10
9640 3.156362e-10
9650 3.138906e-10
9660 3.308987e-10
9670 2.96331e-10
9680 3.088299e-10
9690 3.044864e-10
9700 3.019567e-10
9710 3.112732e-10
9720 2.950038e-10
9730 3.11038e-10
9740 2.954112e-10
9750 2.932582e-10
9760 2.843276e-10
9770 3.035982e-10
9780 2.922888e-10
9790 2.881864e-10
9800 2.934581e-10
9810 2.763401e-10
9820 2.842715e-10
9830 2.896919e-10
9840 2.931405e-10
9850 2.891456e-10
9860 2.859178e-10
9870 2.805731e-10
9880 2.948786e-10
9890 2.790724e-10
9900 2.838757e-10
9910 2.596903e-10
9920 2.845358e-10
9930 2.579972e-10
9940 2.580869e-10
9950 2.847296e-10
9960 2.693841e-10
9970 2.701569e-10
9980 2.705562e-10
9990 2.720202e-10
10000 2.731945e-10
10010 2.720213e-10
10020 2.708491e-10
10030 2.696777e-10
10040 2.685066e-10
10050 2.673362e-10
10060 2.661663e-10
10070 2.649971e-10
10080 2.638279e-10
10090 2.626595e-10
10100 2.614916e-10
10110 2.60324e-10
10120 2.591568e-10
10130 2.579901e-10
10140 2.568234e-10
10150 2.556575e-10
10160 2.544916e-10
10170 2.53326e-10
10180 2.521608e-10
10190 2.509958e-10
10200 2.49831e-10
10210 2.486665e-10
10220 2.475021e-10
10230 2.463377e-10
10240 2.451736e-10
10250 2.440094e-10
10260 2.428455e-10
10270 2.416819e-10
10280 2.40518e-10
10290 2.393542e-10
10300 2.381903e-10
10310 2.370262e-10
10320 2.358627e-10
10330 2.346987e-10
10340 2.335347e-10
10350 2.323708e-10
10360 2.312066e-10
10370 2.300421e-10
10380 2.288778e-10
10390 2.277131e-10
10400 2.265483e-10
10410 2.253832e-10
10420 2.242179e-10
10430 2.230527e-10
10440 2.218868e-10
10450 2.207208e-10
10460 2.195544e-10
10470 2.18388e-10
10480 2.17221e-10
10490 2.160537e-10
10500 2.148861e-10
10510 2.137184e-10
10520 2.125502e-10
10530 2.113815e-10
10540 2.102126e-10
10550 2.090435e-10
10560 2.078737e-10
10570 2.067035e-10
10580 2.05533e-10
10590 2.04362e-10
10600 2.031909e-10
10610 2.020189e-10
10620 2.008465e-10
10630 1.996737e-10
10640 1.985005e-10
10650 1.973266e-10
10660 1.961524e-10
10670 1.949777e-10
10680 1.938024e-10
10690 1.926266e-10
10700 1.914501e-10
10710 1.902733e-10
10720 1.890957e-10
10730 1.879179e-10
10740 1.867393e-10
10750 1.855598e-10
10760 1.843802e-10
10770 1.831996e-10
10780 1.820186e-10
10790 1.808369e-10
10800 1.796545e-10
10810 1.784716e-10
10820 1.772879e-10
10830 1.761036e-10
10840 1.749185e-10
10850 1.737327e-10
10860 1.725464e-10
10870 1.713593e-10
10880 1.701716e-10
10890 1.68983e-10
10900 1.677935e-10
10910 1.666035e-10
10920 1.65413e-10
10930 1.642214e-10
10940 1.63029e-10
10950 1.618356e-10
10960 1.60642e-10
10970 1.594471e-10
10980 1.582518e-10
10990 1.570553e-10
11000 1.558582e-10
11010 1.546602e-10
11020 1.534613e-10
11030 1.522617e-10
11040 1.510611e-10
11050 1.498599e-10
11060 1.486575e-10
11070 1.474544e-10
11080 1.462504e-10
11090 1.450454e-10
11100 1.438396e-10
11110 1.42633e-10
11120 1.414253e-10
11130 1.402167e-10
11140 1.390073e-10
11150 1.377968e-10
11160 1.365854e-10
11170 1.353732e-10
11180 1.341598e-10
11190 1.329455e-10
11200 1.317303e-10
11210 1.30514e-10
11220 1.29297e-10
11230 1.280787e-10
11240 1.268595e-10
11250 1.256393e-10
11260 1.244181e-10
11270 1.231959e-10
11280 1.219726e-10
11290 1.207484e-10
11300 1.195232e-10
11310 1.195771e-10
11320 1.196312e-10
11330 1.196856e-10
11340 1.197399e-10
11350 1.197943e-10
11360 1.19849e-10
11370 1.199036e-10
11380 1.199584e-10
11390 1.200132e-10
11400 1.200683e-10
11410 1.201233e-10
11420 1.201783e-10
11430 1.202338e-10
11440 1.20289e-10
11450 1.203445e-10
11460 1.203998e-10
11470 1.204554e-10
11480 1.205112e-10
11490 1.205667e-10
11500 1.206226e-10
11510 1.206784e-10
11520 1.207343e-10
11530 1.207903e-10
11540 1.208463e-10
11550 1.209025e-10
11560 1.209586e-10
11570 1.210148e-10
11580 1.21071e-10
11590 1.211275e-10
11600 1.211837e-10
11610 1.212403e-10
11620 1.212967e-10
11630 1.213533e-10
11640 1.214098e-10
11650 1.214661e-10
11660 1.215229e-10
11670 1.215794e-10
11680 1.216361e-10
11690 1.216929e-10
11700 1.217496e-10
11710 1.218064e-10
11720 1.218629e-10
11730 1.2192e-10
11740 1.219767e-10
11750 1.220335e-10
11760 1.220902e-10
11770 1.221471e-10
11780 1.222038e-10
11790 1.222608e-10
11800 1.223177e-10
11810 1.223744e-10
11820 1.224312e-10
11830 1.22488e-10
11840 1.22545e-10
11850 1.226015e-10
11860 1.226583e-10
11870 1.227152e-10
11880 1.227718e-10
11890 1.228286e-10
11900 1.228852e-10
11910 1.229419e-10
11920 1.229985e-10
11930 1.23055e-10
11940 1.231116e-10
11950 1.231679e-10
11960 1.232246e-10
11970 1.23281e-10
11980 1.233374e-10
11990 1.233936e-10
12000 1.2345e-10
12010 1.235062e-10
12020 1.235625e-10
12030 1.236185e-10
12040 1.236745e-10
12050 1.237307e-10
12060 1.237864e-10
12070 1.238422e-10
12080 1.23898e-10
12090 1.239538e-10
12100 1.240093e-10
12110 1.240649e-10
12120 1.241203e-10
12130 1.241755e-10
12140 1.242309e-10
12150 1.242863e-10
12160 1.243411e-10
12170 1.243963e-10
12180 1.24451e-10
12190 1.245059e-10
12200 1.245606e-10
12210 1.246151e-10
12220 1.246695e-10
12230 1.247239e-10
12240 1.247781e-10
12250 1.248323e-10
12260 1.248863e-10
12270 1.249401e-10
12280 1.24994e-10
12290 1.250477e-10
12300 1.251009e-10
12310 1.251544e-10
12320 1.252075e-10
12330 1.252606e-10
12340 1.253135e-10
12350 1.253663e-10
12360 1.254187e-10
12370 1.254713e-10
12380 1.255236e-10
12390 1.255758e-10
12400 1.256278e-10
12410 1.256796e-10
12420 1.257313e-10
12430 1.257827e-10
12440 1.258341e-10
12450 1.258852e-10
12460 1.259361e-10
12470 1.259871e-10
12480 1.260377e-10
12490 1.26088e-10
12500 1.261382e-10
12510 1.262172e-10
12520 1.262964e-10
12530 1.263751e-10
12540 1.264537e-10
12550 1.265316e-10
12560 1.266098e-10
12570 1.266875e-10
12580 1.267649e-10
12590 1.268424e-10
12600 1.269195e-10
12610 1.269961e-10
12620 1.270728e-10
12630 1.271488e-10
12640 1.272248e-10
12650 1.273005e-10
12660 1.27376e-10
12670 1.274514e-10
12680 1.275262e-10
12690 1.276008e-10
12700 1.276754e-10
12710 1.277493e-10
12720 1.278228e-10
12730 1.278964e-10
12740 1.279699e-10
12750 1.280428e-10
12760 1.281152e-10
12770 1.281875e-10
12780 1.282595e-10
12790 1.283312e-10
12800 1.284026e-10
12810 1.284738e-10
12820 1.285443e-10
12830 1.286149e-10
12840 1.286851e-10
12850 1.287548e-10
12860 1.288241e-10
12870 1.288934e-10
12880 1.289621e-10
12890 1.290305e-10
12900 1.290987e-10
12910 1.291665e-10
12920 1.292342e-10
12930 1.293011e-10
12940 1.293682e-10
12950 1.294346e-10
12960 1.295008e-10
12970 1.295668e-10
12980 1.296323e-10
12990 1.296977e-10
13000 1.297626e-10
13010 1.298275e-10
13020 1.298917e-10
13030 1.299556e-10
13040 1.300195e-10
13050 1.300828e-10
13060 1.301459e-10
13070 1.302088e-10
13080 1.302713e-10
13090 1.303335e-10
13100 1.303954e-10
13110 1.30457e-10
13120 1.305184e-10
13130 1.305794e-10
13140 1.306402e-10
13150 1.307005e-10
13160 1.307605e-10
13170 1.308205e-10
13180 1.308802e-10
13190 1.309392e-10
13200 1.309983e-10
13210 1.310569e-10
13220 1.311152e-10
13230 1.311734e-10
13240 1.312311e-10
13250 1.312886e-10
13260 1.31346e-10
13270 1.314028e-10
13280 1.314594e-10
13290 1.315161e-10
13300 1.315723e-10
13310 1.316278e-10
13320 1.316835e-10
13330 1.317388e-10
13340 1.317938e-10
13350 1.318486e-10
13360 1.319031e-10
13370 1.319574e-10
13380 1.320112e-10
13390 1.32065e-10
13400 1.321184e-10
13410 1.321715e-10
13420 1.322245e-10
13430 1.322769e-10
13440 1.323294e-10
13450 1.323814e-10
13460 1.324333e-10
13470 1.324849e-10
13480 1.325361e-10
13490 1.325873e-10
13500 1.326382e-10
13510 1.326888e-10
13520 1.32739e-10
13530 1.327894e-10
13540 1.328389e-10
13550 1.328884e-10
13560 1.329377e-10
13570 1.329871e-10
13580 1.330357e-10
13590 1.330844e-10
13600 1.331326e-10
13610 1.331808e-10
13620 1.33229e-10
13630 1.332763e-10
13640 1.333239e-10
13650 1.33371e-10
13660 1.33418e-10
13670 1.334648e-10
13680 1.335113e-10
13690 1.335573e-10
13700 1.336034e-10
13710 1.329457e-10
13720 1.322874e-10
13730 1.316287e-10
13740 1.309689e-10
13750 1.303083e-10
13760 1.296473e-10
13770 1.289855e-10
13780 1.283229e-10
13790 1.276601e-10
13800 1.269961e-10
13810 1.263317e-10
13820 1.256665e-10
13830 1.250008e-10
13840 1.243343e-10
13850 1.236673e-10
13860 1.229996e-10
13870 1.223313e-10
13880 1.216622e-10
13890 1.209927e-10
13900 1.203225e-10
13910 1.196517e-10
13920 1.189803e-10
13930 1.183082e-10
13940 1.176356e-10
13950 1.169624e-10
13960 1.162885e-10
13970 1.156141e-10
13980 1.149391e-10
13990 1.142634e-10
14000 1.135874e-10
14010 1.129105e-10
14020 1.122332e-10
14030 1.115553e-10
14040 1.108769e-10
14050 1.10198e-10
14060 1.095183e-10
14070 1.088381e-10
14080 1.081575e-10
14090 1.074763e-10
14100 1.067945e-10
14110 1.061123e-10
14120 1.054295e-10
14130 1.047461e-10
14140 1.040623e-10
14150 1.033779e-10
14160 1.02693e-10
14170 1.020076e-10
14180 1.013216e-10
14190 1.006353e-10
14200 9.994833e-11
14210 9.926093e-11
14220 9.857302e-11
14230 9.788461e-11
14240 9.719573e-11
14250 9.650635e-11
14260 9.581646e-11
14270 9.512609e-11
14280 9.443528e-11
14290 9.374403e-11
14300 9.305226e-11
14310 9.236009e-11
14320 9.166739e-11
14330 9.097426e-11
14340 9.028069e-11
14350 8.958663e-11
14360 8.889214e-11
14370 8.819719e-11
14380 8.750186e-11
14390 8.680598e-11
14400 8.610976e-11
14410 8.541311e-11
14420 8.471595e-11
14430 8.40184e-11
14440 8.33204e-11
14450 8.262205e-11
14460 8.192329e-11
14470 8.122396e-11
14480 8.052434e-11
14490 7.982434e-11
14500 7.912383e-11
14510 7.842297e-11
14520 7.772173e-11
14530 7.702008e-11
14540 7.631797e-11
14550 7.561553e-11
14560 7.491265e-11
14570 7.420945e-11
14580 7.35058e-11
14590 7.280178e-11
14600 7.209736e-11
14610 7.139257e-11
14620 7.068743e-11
14630 6.998186e-11
14640 6.927599e-11
14650 6.85697e-11
14660 6.786307e-11
14670 6.715604e-11
14680 6.644859e-11
14690 6.574095e-11
14700 6.503279e-11
14710 6.432435e-11
14720 6.36155e-11
14730 6.290636e-11
14740 6.219678e-11
14750 6.148692e-11
14760 6.077668e-11
14770 6.006614e-11
14780 5.935521e-11
14790 5.864394e-11
14800 5.793231e-11
14810 5.72204e-11
14820 5.650809e-11
14830 5.579547e-11
14840 5.50825e-11
14850 5.436918e-11
14860 5.365559e-11
14870 5.294163e-11
14880 5.222734e-11
14890 5.151273e-11
14900 5.079779e-11
14910 5.008253e-11
14920 4.936692e-11
14930 4.865101e-11
14940 4.793471e-11
14950 4.721814e-11
14960 4.650127e-11
14970 4.578406e-11
14980 4.506648e-11
14990 4.434865e-11
15000 4.363046e-11
15010 4.363937e-11
15020 4.364827e-11
15030 4.365715e-11
15040 4.366599e-11
15050 4.367482e-11
15060 4.368361e-11
15070 4.369239e-11
15080 4.370119e-11
15090 4.370998e-11
15100 4.37187e-11
15110 4.372738e-11
15120 4.373607e-11
15130 4.374479e-11
15140 4.375342e-11
15150 4.376207e-11
15160 4.37707e-11
15170 4.377932e-11
15180 4.378788e-11
15190 4.379647e-11
15200 4.380501e-11
15210 4.381357e-11
15220 4.382206e-11
15230 4.383059e-11
15240 4.383903e-11
15250 4.384751e-11
15260 4.385596e-11
15270 4.386439e-11
15280 4.387279e-11
15290 4.388118e-11
15300 4.388959e-11
15310 4.38979e-11
15320 4.390627e-11
15330 4.391456e-11
15340 4.392289e-11
15350 4.393117e-11
15360 4.393945e-11
15370 4.394771e-11
15380 4.395594e-11
15390 4.396417e-11
15400 4.397237e-11
15410 4.398059e-11
15420 4.398872e-11
15430 4.399693e-11
15440 4.400506e-11
15450 4.401317e-11
15460 4.402129e-11
15470 4.40294e-11
15480 4.403746e-11
15490 4.404555e-11
15500 4.405355e-11
15510 4.40616e-11
15520 4.406962e-11
15530 4.40776e-11
15540 4.408559e-11
15550 4.40936e-11
15560 4.410152e-11
15570 4.410946e-11
15580 4.411741e-11
15590 4.412529e-11
15600 4.413319e-11
15610 4.414106e-11
15620 4.414893e-11
15630 4.415676e-11
15640 4.41646e-11
15650 4.417241e-11
15660 4.418024e-11
15670 4.418806e-11
15680 4.419584e-11
15690 4.420357e-11
15700 4.421129e-11
15710 4.421903e-11
15720 4.422677e-11
15730 4.423449e-11
15740 4.424219e-11
15750 4.424983e-11
15760 4.42575e-11
15770 4.426518e-11
15780 4.42728e-11
15790 4.42804e-11
15800 4.428805e-11
15810 4.429561e-11
15820 4.430322e-11
15830 4.431077e-11
15840 4.431834e-11
15850 4.432589e-11
15860 4.433342e-11
15870 4.434092e-11
15880 4.434843e-11
15890 4.435594e-11
15900 4.436343e-11
15910 4.437086e-11
15920 4.437835e-11
15930 4.438578e-11
15940 4.439321e-11
15950 4.440062e-11
15960 4.4408e-11
15970 4.441541e-11
15980 4.442281e-11
15990 4.443017e-11
16000 4.443751e-11
16010 4.444487e-11
16020 4.445217e-11
16030 4.445951e-11
16040 4.446682e-11
16050 4.447413e-11
16060 4.448141e-11
16070 4.448871e-11
16080 4.449597e-11
16090 4.450317e-11
16100 4.451042e-11
16110 4.451767e-11
16120 4.452487e-11
16130 4.453208e-11
16140 4.453931e-11
16150 4.454647e-11
16160 4.455363e-11
16170 4.45608e-11
16180 4.456796e-11
16190 4.457509e-11
16200 4.458227e-11
16210 4.458935e-11
16220 4.459648e-11
16230 4.460357e-11
16240 4.461069e-11
16250 4.461773e-11
16260 4.461409e-11
16270 4.461036e-11
16280 4.460672e-11
16290 4.460308e-11
16300 4.459943e-11
16310 4.459577e-11
16320 4.459215e-11
16330 4.45885e-11
16340 4.458491e-11
16350 4.45813e-11
16360 4.457767e-11
16370 4.457408e-11
16380 4.457048e-11
16390 4.456689e-11
16400 4.45633e-11
16410 4.455972e-11
16420 4.455613e-11
16430 4.455261e-11
16440 4.454905e-11
16450 4.454551e-11
16460 4.454197e-11
16470 4.453844e-11
16480 4.45349e-11
16490 4.45314e-11
16500 4.45279e-11
16510 4.45244e-11
16520 4.452088e-11
16530 4.45174e-11
16540 4.451392e-11
16550 4.451046e-11
16560 4.450698e-11
16570 4.450354e-11
16580 4.45001e-11
16590 4.449662e-11
16600 4.449322e-11
16610 4.448976e-11
16620 4.448637e-11
16630 4.448296e-11
16640 4.447954e-11
16650 4.447617e-11
16660 4.447279e-11
16670 4.446938e-11
16680 4.446601e-11
16690 4.446269e-11
16700 4.445929e-11
16710 4.445596e-11
16720 4.445258e-11
16730 4.444928e-11
16740 4.444595e-11
16750 4.444266e-11
16760 4.443933e-11
16770 4.443605e-11
16780 4.443275e-11
16790 4.442947e-11
16800 4.442623e-11
16810 4.442294e-11
16820 4.441971e-11
16830 4.441645e-11
16840 4.441321e-11
16850 4.441e-11
16860 4.440675e-11
16870 4.440357e-11
16880 4.440035e-11
16890 4.439717e-11
16900 4.439397e-11
16910 4.439077e-11
16920 4.438762e-11
16930 4.438447e-11
16940 4.438133e-11
16950 4.437815e-11
16960 4.437501e-11
16970 4.437188e-11
16980 4.436876e-11
16990 4.436565e-11
17000 4.436253e-11
17010 4.435946e-11
17020 4.435634e-11
17030 4.435324e-11
17040 4.435019e-11
17050 4.434713e-11
17060 4.434406e-11
17070 4.434101e-11
17080 4.433799e-11
17090 4.433491e-11
17100 4.433187e-11
17110 4.432888e-11
17120 4.432585e-11
17130 4.432285e-11
17140 4.431988e-11
17150 4.431686e-11
17160 4.431386e-11
17170 4.431088e-11
17180 4.430792e-11
17190 4.430494e-11
17200 4.430202e-11
17210 4.429905e-11
17220 4.429612e-11
17230 4.429317e-11
17240 4.429022e-11
17250 4.42873e-11
17260 4.428438e-11
17270 4.428144e-11
17280 4.427856e-11
17290 4.427568e-11
17300 4.42728e-11
17310 4.426988e-11
17320 4.426703e-11
17330 4.426414e-11
17340 4.426128e-11
17350 4.425843e-11
17360 4.425556e-11
17370 4.425271e-11
17380 4.424991e-11
17390 4.424708e-11
17400 4.424423e-11
17410 4.424143e-11
17420 4.423863e-11
17430 4.423578e-11
17440 4.4233e-11
17450 4.423017e-11
17460 4.422743e-11
17470 4.422462e-11
17480 4.422184e-11
17490 4.421909e-11
17500 4.421631e-11
17510 4.421356e-11
17520 4.421082e-11
17530 4.420806e-11
17540 4.420532e-11
17550 4.420256e-11
17560 4.419982e-11
17570 4.41971e-11
17580 4.41944e-11
17590 4.419166e-11
17600 4.418898e-11
17610 4.418627e-11
17620 4.418355e-11
17630 4.418088e-11
17640 4.417821e-11
17650 4.417552e-11
17660 4.417281e-11
17670 4.417015e-11
17680 4.416749e-11
17690 4.416481e-11
17700 4.416216e-11
17710 4.415953e-11
17720 4.415685e-11
17730 4.415419e-11
17740 4.415158e-11
17750 4.414895e-11
17760 4.414633e-11
17770 4.414372e-11
17780 4.414109e-11
17790 4.413849e-11
17800 4.413584e-11
17810 4.413324e-11
17820 4.413066e-11
17830 4.412809e-11
17840 4.412547e-11
17850 4.412289e-11
17860 4.412032e-11
17870 4.411773e-11
17880 4.411515e-11
17890 4.41126e-11
17900 4.411005e-11
17910 4.410746e-11
17920 4.410493e-11
17930 4.410238e-11
17940 4.409981e-11
17950 4.409725e-11
17960 4.409473e-11
17970 4.409217e-11
17980 4.40897e-11
17990 4.408716e-11
18000 4.40846e-11
18010 4.395749e-11
18020 4.383036e-11
18030 4.370329e-11
18040 4.357622e-11
18050 4.344918e-11
18060 4.332209e-11
18070 4.319511e-11
18080 4.306809e-11
18090 4.294113e-11
18100 4.281415e-11
18110 4.268722e-11
18120 4.256027e-11
18130 4.243337e-11
18140 4.230644e-11
18150 4.217959e-11
18160 4.20527e-11
18170 4.192585e-11
18180 4.179901e-11
18190 4.167221e-11
18200 4.15454e-11
18210 4.141865e-11
18220 4.129185e-11
18230 4.11651e-11
18240 4.10384e-11
18250 4.091166e-11
18260 4.078498e-11
18270 4.065829e-11
18280 4.053165e-11
18290 4.040498e-11
18300 4.027837e-11
18310 4.015177e-11
18320 4.002517e-11
18330 3.989857e-11
18340 3.977201e-11
18350 3.964542e-11
18360 3.951889e-11
18370 3.93924e-11
18380 3.926588e-11
18390 3.913939e-11
18400 3.901292e-11
18410 3.888648e-11
18420 3.876003e-11
18430 3.863362e-11
18440 3.85072e-11
18450 3.838081e-11
18460 3.825443e-11
18470 3.812806e-11
18480 3.800173e-11
18490 3.787535e-11
18500 3.77491e-11
18510 3.762278e-11
18520 3.749646e-11
18530 3.73702e-11
18540 3.724391e-11
18550 3.711771e-11
18560 3.699149e-11
18570 3.686528e-11
18580 3.673906e-11
18590 3.661288e-11
18600 3.648672e-11
18610 3.636056e-11
18620 3.623444e-11
18630 3.610828e-11
18640 3.59822e-11
18650 3.585609e-11
18660 3.573002e-11
18670 3.560393e-11
18680 3.547789e-11
18690 3.535186e-11
18700 3.522583e-11
18710 3.509982e-11
18720 3.497383e-11
18730 3.484786e-11
18740 3.472187e-11
18750 3.459594e-11
18760 3.447001e-11
18770 3.434407e-11
18780 3.421812e-11
18790 3.409224e-11
18800 3.396637e-11
18810 3.384052e-11
18820 3.371464e-11
18830 3.358882e-11
18840 3.346297e-11
18850 3.333716e-11
18860 3.321139e-11
18870 3.308556e-11
18880 3.29598e-11
18890 3.283403e-11
18900 3.27083e-11
18910 3.258256e-11
18920 3.245685e-11
18930 3.233115e-11
18940 3.220543e-11
18950 3.207977e-11
18960 3.19541e-11
18970 3.182843e-11
18980 3.170282e-11
18990 3.15772e-11
19000 3.14516e-11
19010 3.132597e-11
19020 3.120039e-11
19030 3.107482e-11
19040 3.094925e-11
19050 3.08237e-11
19060 3.069818e-11
19070 3.05727e-11
19080 3.044716e-11
19090 3.032166e-11
19100 3.019618e-11
19110 3.007071e-11
19120 2.994523e-11
19130 2.981983e-11
19140 2.969438e-11
19150 2.956897e-11
19160 2.944355e-11
19170 2.931816e-11
19180 2.919281e-11
19190 2.906743e-11
19200 2.894208e-11
19210 2.881671e-11
19220 2.869141e-11
19230 2.85661e-11
19240 2.844078e-11
19250 2.831549e-11
19260 2.819025e-11
19270 2.806495e-11
19280 2.793973e-11
19290 2.781449e-11
19300 2.768923e-11
19310 2.756402e-11
19320 2.743882e-11
19330 2.731363e-11
19340 2.718845e-11
19350 2.70633e-11
19360 2.693815e-11
19370 2.681299e-11
19380 2.668791e-11
19390 2.656278e-11
19400 2.643766e-11
19410 2.631257e-11
19420 2.618751e-11
19430 2.606244e-11
19440 2.593739e-11
19450 2.581235e-11
19460 2.568732e-11
19470 2.556233e-11
19480 2.54373e-11
19490 2.531233e-11
19500 2.518732e-11
19510 2.506237e-11
19520 2.493742e-11
19530 2.48125e-11
19540 2.468757e-11
19550 2.456265e-11
19560 2.443774e-11
19570 2.431286e-11
19580 2.418796e-11
19590 2.40631e-11
19600 2.393826e-11
19610 2.381341e-11
19620 2.368859e-11
19630 2.356378e-11
19640 2.343895e-11
19650 2.331419e-11
19660 2.318941e-11
19670 2.306464e-11
19680 2.29399e-11
19690 2.281515e-11
19700 2.269045e-11
19710 2.256573e-11
19720 2.244102e-11
19730 2.231634e-11
19740 2.219167e-11
19750 2.206703e-11
19760 2.194238e-11
19770 2.181777e-11
19780 2.169314e-11
19790 2.156853e-11
19800 2.144396e-11
19810 2.13194e-11
19820 2.119482e-11
19830 2.107029e-11
19840 2.094577e-11
19850 2.082127e-11
19860 2.069676e-11
19870 2.057229e-11
19880 2.044783e-11
19890 2.032338e-11
19900 2.019894e-11
19910 2.007452e-11
19920 1.995013e-11
19930 1.982573e-11
19940 1.970136e-11
19950 1.957699e-11
19960 1.945266e-11
19970 1.932835e-11
19980 1.920402e-11
19990 1.907973e-11
20000 1.895546e-11
20010 1.88312e-11
20020 1.870695e-11
20030 1.858272e-11
20040 1.845849e-11
20050 1.833429e-11
20060 1.82101e-11
20070 1.808593e-11
20080 1.796179e-11
20090 1.783765e-11
20100 1.771353e-11
20110 1.771262e-11
20120 1.771174e-11
20130 1.771083e-11
20140 1.770996e-11
20150 1.770907e-11
20160 1.770819e-11
20170 1.770731e-11
20180 1.770645e-11
20190 1.770559e-11
20200 1.770472e-11
20210 1.770387e-11
20220 1.770301e-11
20230 1.770215e-11
20240 1.770131e-11
20250 1.770049e-11
20260 1.769963e-11
20270 1.769878e-11
20280 1.769795e-11
20290 1.769715e-11
20300 1.769632e-11
20310 1.769553e-11
20320 1.769473e-11
20330 1.769391e-11
20340 1.76931e-11
20350 1.769232e-11
20360 1.769154e-11
20370 1.769077e-11
20380 1.768999e-11
20390 1.768921e-11
20400 1.768848e-11
20410 1.768769e-11
20420 1.768695e-11
20430 1.76862e-11
20440 1.768545e-11
20450 1.768474e-11
20460 1.7684e-11
20470 1.768327e-11
20480 1.768256e-11
20490 1.768186e-11
20500 1.768115e-11
20510 1.768046e-11
20520 1.767977e-11
20530 1.76791e-11
20540 1.767844e-11
20550 1.767776e-11
20560 1.76771e-11
20570 1.767647e-11
20580 1.767582e-11
20590 1.767517e-11
20600 1.767454e-11
20610 1.767392e-11
20620 1.767332e-11
20630 1.767271e-11
20640 1.76721e-11
20650 1.76715e-11
20660 1.767093e-11
20670 1.767034e-11
20680 1.766979e-11
20690 1.766923e-11
20700 1.766866e-11
20710 1.766815e-11
20720 1.76676e-11
20730 1.766708e-11
20740 1.766657e-11
20750 1.766607e-11
20760 1.766556e-11
20770 1.766507e-11
20780 1.766459e-11
20790 1.766411e-11
20800 1.766368e-11
20810 1.76632e-11
20820 1.766277e-11
20830 1.766233e-11
20840 1.766188e-11
20850 1.766149e-11
20860 1.766108e-11
20870 1.766067e-11
20880 1.766031e-11
20890 1.765992e-11
20900 1.765955e-11
20910 1.76592e-11
20920 1.765885e-11
20930 1.765851e-11
20940 1.765818e-11
20950 1.765786e-11
20960 1.765755e-11
20970 1.765727e-11
20980 1.765699e-11
20990 1.765671e-11
21000 1.765645e-11
21010 1.765618e-11
21020 1.765596e-11
21030 1.765572e-11
21040 1.76555e-11
21050 1.765532e-11
21060 1.765512e-11
21070 1.76549e-11
21080 1.765474e-11
21090 1.765459e-11
21100 1.765441e-11
21110 1.765431e-11
21120 1.765416e-11
21130 1.765405e-11
21140 1.765395e-11
21150 1.765385e-11
21160 1.765375e-11
21170 1.765369e-11
21180 1.765365e-11
21190 1.765362e-11
21200 1.765357e-11
21210 1.765357e-11
21220 1.765357e-11
21230 1.765356e-11
21240 1.76536e-11
21250 1.76536e-11
21260 1.765369e-11
21270 1.765375e-11
21280 1.765379e-11
21290 1.765391e-11
21300 1.765399e-11
21310 1.765409e-11
21320 1.765424e-11
21330 1.765434e-11
21340 1.76545e-11
21350 1.76547e-11
21360 1.765486e-11
21370 1.765504e-11
21380 1.765526e-11
21390 1.765548e-11
21400 1.765572e-11
21410 1.765598e-11
21420 1.765622e-11
21430 1.765651e-11
21440 1.765681e-11
21450 1.765711e-11
21460 1.765744e-11
21470 1.765777e-11
21480 1.765811e-11
21490 1.765849e-11
21500 1.765888e-11
21510 1.765928e-11
21520 1.765968e-11
21530 1.76601e-11
21540 1.766054e-11
21550 1.766101e-11
21560 1.766148e-11
21570 1.766197e-11
21580 1.766247e-11
21590 1.7663e-11
21600 1.766354e-11
21610 1.766409e-11
21620 1.766464e-11
21630 1.766524e-11
21640 1.766583e-11
21650 1.766644e-11
21660 1.766707e-11
21670 1.766774e-11
21680 1.766839e-11
21690 1.766907e-11
21700 1.766977e-11
21710 1.767048e-11
21720 1.767124e-11
21730 1.767197e-11
21740 1.767273e-11
21750 1.767351e-11
21760 1.767431e-11
21770 1.767514e-11
21780 1.767597e-11
21790 1.767682e-11
21800 1.767769e-11
21810 1.767859e-11
21820 1.767949e-11
21830 1.76804e-11
21840 1.768132e-11
21850 1.76823e-11
21860 1.768328e-11
21870 1.768426e-11
21880 1.768527e-11
21890 1.76863e-11
21900 1.768735e-11
21910 1.76884e-11
21920 1.768951e-11
21930 1.769064e-11
21940 1.769173e-11
21950 1.769288e-11
21960 1.769403e-11
21970 1.769521e-11
21980 1.76964e-11
21990 1.769761e-11
22000 1.769888e-11
22010 1.770013e-11
22020 1.770141e-11
22030 1.770268e-11
22040 1.7704e-11
22050 1.770533e-11
22060 1.770669e-11
22070 1.770808e-11
22080 1.770947e-11
22090 1.771088e-11
22100 1.771232e-11
22110 1.771375e-11
22120 1.771522e-11
22130 1.771673e-11
22140 1.771824e-11
22150 1.771977e-11
22160 1.772134e-11
22170 1.77229e-11
22180 1.772448e-11
22190 1.772613e-11
22200 1.772777e-11
22210 1.772942e-11
22220 1.77311e-11
22230 1.773279e-11
22240 1.773452e-11
22250 1.773626e-11
22260 1.773802e-11
22270 1.773984e-11
22280 1.774165e-11
22290 1.774348e-11
22300 1.774534e-11
22310 1.774718e-11
22320 1.774909e-11
22330 1.775099e-11
22340 1.775296e-11
22350 1.77549e-11
22360 1.77569e-11
22370 1.775889e-11
22380 1.776093e-11
22390 1.776297e-11
22400 1.776505e-11
22410 1.776715e-11
22420 1.776929e-11
22430 1.777143e-11
22440 1.777359e-11
22450 1.777578e-11
22460 1.777797e-11
22470 1.77802e-11
22480 1.778244e-11
22490 1.778473e-11
22500 1.778702e-11
22510 1.778937e-11
22520 1.779169e-11
22530 1.779404e-11
22540 1.779642e-11
22550 1.779885e-11
22560 1.780123e-11
22570 1.78037e-11
22580 1.780614e-11
22590 1.780866e-11
22600 1.781117e-11
22610 1.781369e-11
22620 1.781624e-11
22630 1.781879e-11
22640 1.78214e-11
22650 1.782401e-11
22660 1.782662e-11
22670 1.782926e-11
22680 1.783195e-11
22690 1.783464e-11
22700 1.783736e-11
22710 1.784009e-11
22720 1.784283e-11
22730 1.784562e-11
22740 1.784838e-11
22750 1.785119e-11
22760 1.785405e-11
22770 1.785686e-11
22780 1.785977e-11
22790 1.786263e-11
22800 1.786557e-11
22810 1.786848e-11
22820 1.787143e-11
22830 1.787438e-11
22840 1.787738e-11
22850 1.788037e-11
22860 1.788339e-11
22870 1.788644e-11
22880 1.788949e-11
22890 1.789259e-11
22900 1.789569e-11
22910 1.78988e-11
22920 1.790192e-11
22930 1.790507e-11
22940 1.790822e-11
22950 1.791143e-11
22960 1.791463e-11
22970 1.791786e-11
22980 1.792111e-11
22990 1.792435e-11
23000 1.792763e-11
23010 1.793094e-11
23020 1.793425e-11
23030 1.793758e-11
23040 1.794093e-11
23050 1.794429e-11
23060 1.794766e-11
23070 1.795106e-11
23080 1.795449e-11
23090 1.795791e-11
23100 1.796135e-11
23110 1.796484e-11
23120 1.796831e-11
23130 1.797181e-11
23140 1.79753e-11
23150 1.797885e-11
23160 1.79824e-11
23170 1.798596e-11
23180 1.798954e-11
23190 1.799314e-11
23200 1.799676e-11
23210 1.80004e-11
23220 1.800403e-11
23230 1.80077e-11
23240 1.801138e-11
23250 1.801507e-11
23260 1.801877e-11
23270 1.80225e-11
23280 1.802624e-11
23290 1.803001e-11
23300 1.803376e-11
23310 1.803755e-11
23320 1.804135e-11
23330 1.804518e-11
23340 1.804902e-11
23350 1.805288e-11
23360 1.805673e-11
23370 1.80606e-11
23380 1.806449e-11
23390 1.806839e-11
23400 1.807232e-11
23410 1.807626e-11
23420 1.80802e-11
23430 1.808415e-11
23440 1.808813e-11
23450 1.809213e-11
23460 1.809612e-11
23470 1.810014e-11
23480 1.810419e-11
23490 1.810824e-11
23500 1.811229e-11
23510 1.811637e-11
23520 1.812046e-11
23530 1.812456e-11
23540 1.812867e-11
23550 1.813281e-11
23560 1.813695e-11
23570 1.81411e-11
23580 1.814528e-11
23590 1.814945e-11
23600 1.815365e-11
23610 1.815786e-11
23620 1.816206e-11
23630 1.816631e-11
23640 1.817054e-11
23650 1.81748e-11
23660 1.817907e-11
23670 1.818335e-11
23680 1.818768e-11
23690 1.819197e-11
23700 1.819627e-11
23710 1.820062e-11
23720 1.820497e-11
23730 1.820932e-11
23740 1.821368e-11
23750 1.821806e-11
23760 1.822246e-11
23770 1.822686e-11
23780 1.823127e-11
23790 1.823569e-11
23800 1.824013e-11
23810 1.824457e-11
23820 1.824903e-11
23830 1.82535e-11
23840 1.825798e-11
23850 1.826248e-11
23860 1.826697e-11
23870 1.827149e-11
23880 1.827601e-11
23890 1.828054e-11
23900 1.828508e-11
23910 1.828963e-11
23920 1.829424e-11
23930 1.829878e-11
23940 1.830339e-11
23950 1.830799e-11
23960 1.831258e-11
23970 1.831721e-11
23980 1.832184e-11
23990 1.832645e-11
24000 1.83311e-11
24010 1.833576e-11
24020 1.834042e-11
24030 1.834512e-11
24040 1.834979e-11
24050 1.835449e-11
24060 1.835919e-11
24070 1.836389e-11
24080 1.836864e-11
24090 1.837335e-11
24100 1.837809e-11
24110 1.838282e-11
24120 1.838759e-11
24130 1.839236e-11
24140 1.839715e-11
24150 1.840191e-11
24160 1.84067e-11
24170 1.841152e-11
24180 1.841631e-11
24190 1.842112e-11
24200 1.842596e-11
24210 1.843077e-11
24220 1.843564e-11
24230 1.844047e-11
24240 1.844533e-11
24250 1.845018e-11
24260 1.845507e-11
24270 1.845992e-11
24280 1.846482e-11
24290 1.846971e-11
24300 1.847459e-11
24310 1.847951e-11
24320 1.848444e-11
24330 1.848936e-11
24340 1.849427e-11
24350 1.849921e-11
24360 1.850416e-11
24370 1.850911e-11
24380 1.851406e-11
24390 1.851901e-11
24400 1.852398e-11
24410 1.852895e-11
24420 1.853395e-11
24430 1.853893e-11
24440 1.854391e-11
24450 1.854891e-11
24460 1.85539e-11
24470 1.855891e-11
24480 1.856395e-11
24490 1.856895e-11
24500 1.8574e-11
24510 1.857901e-11
24520 1.858406e-11
24530 1.858909e-11
24540 1.859416e-11
24550 1.859919e-11
24560 1.860427e-11
24570 1.860933e-11
24580 1.861439e-11
24590 1.861946e-11
24600 1.862457e-11
24610 1.862961e-11
24620 1.863472e-11
24630 1.86398e-11
24640 1.864491e-11
24650 1.865e-11
24660 1.865509e-11
24670 1.866021e-11
24680 1.866533e-11
24690 1.867042e-11
24700 1.867555e-11
24710 1.868069e-11
24720 1.868582e-11
24730 1.869096e-11
24740 1.869608e-11
24750 1.87012e-11
24760 1.870636e-11
24770 1.871152e-11
24780 1.871665e-11
24790 1.87218e-11
24800 1.872697e-11
24810 1.87321e-11
24820 1.873727e-11
24830 1.874245e-11
24840 1.874763e-11
24850 1.875278e-11
24860 1.875793e-11
24870 1.876312e-11
24880 1.87683e-11
24890 1.877346e-11
24900 1.877865e-11
24910 1.878384e-11
24920 1.878902e-11
24930 1.87942e-11
24940 1.879939e-11
24950 1.880457e-11
24960 1.880974e-11
24970 1.881495e-11
24980 1.882016e-11
24990 1.882535e-11
25000 1.883056e-11
